<<<<<<< HEAD
0.006485171421437792
0.04151740032602755
0.08151740353694611
0.12000435313543172
0.12000343447095313
0.12000267262302909
0.1200020971829278
0.12000163292070627
0.12000128126193783
0.12000100187557575
0.12000077862017872
0.1200006101305706
0.12000047622195571
0.12000037208394182
0.12000028608646406
0.12000022007295202
0.08823706155808606
0.04023673454794694
0.007764439794069903
0.05576444243704588
0.10376443530954871
0.12000134690869528
0.12000100915516362
0.12000079056059568
0.120000648971808
0.12000049237742645
0.12000033726139019
0.12000035350233162
0.12000019809800028
0.12000015227823058
0.12000014817989561
0.12000009936450028
0.1200000956258373
0.12000004689242769
0.07396202108541758
0.025961367461639462
0.022040993972543402
0.07004099133416203
0.11804099639119515
0.1200029586488948
0.12000231887107622
0.12000180712027943
0.12000141522446373
0.12000110978137386
0.12000085099444321
0.12000067204794217
0.12000053309281157
0.12000039688830753
0.12000033667331149
0.12000024263445348
0.12000019252912464
0.10763120134161464
0.05963305710900751
0.011634549974048867
=======
0.0026389758469991557
0.005361091069280956
0.013361090870974942
0.021361091740334844
0.03736109238914775
0.04536109212121039
0.053361091607876776
0.06936109157494832
0.07736109231572096
0.08536108613821045
0.10136109264451448
0.10936109062206274
0.11736109971308924
0.11999999085473384
0.1200001827949923
0.12000016551302738
0.12000016010670679
0.12000015083513439
0.1200001440747694
0.12000013339032482
0.12000013826422379
0.12000012438014443
0.12000012240338269
0.12000010924580296
0.12000010849000502
0.12000010407583721
0.12000009224894347
0.12000008765182707
0.12000008034246595
0.12000008101814617
0.12000006984141748
0.12000007351689232
0.12000007202559361
0.1200000554664494
0.12000006205999035
0.12000005039917165
0.12000004936408755
0.12000005309863104
0.12000005364344586
0.12000004343842975
0.12000004449588761
0.12000003934586066
0.12000003704025713
0.12000003622725516
0.1200000341488915
0.12000003927472899
0.12000003521439061
0.12000002616376584
0.1200000287859018
0.12000002255011327
0.12000002638613601
0.12000002271750401
0.12000001649627455
0.12000002430101919
0.12000002628034687
0.1200000146948023
0.12000002774545791
0.1200000244494923
0.12000001200446905
0.12000001717886438
0.12000001852605172
0.12000002104761108
0.1200000143522456
0.12000000466597695
0.12000001983744216
0.12000001008504468
0.12000000842668813
0.12000001636995752
0.12000000503490955
0.12000000953607862
0.11638899690999141
0.10838046284376944
0.09238108817347962
0.08438140178669139
0.07638171379305285
0.06038228824568213
0.052382554687706785
0.04438281204326854
0.03638306213022442
0.020383530009129076
0.01238375063858366
0.004383961070367996
0.011611013512763885
0.019611010665864223
0.027611013740821633
0.04361101223537609
0.05161101345120015
0.05961102310907453
0.07561099268533476
0.08361099265318792
0.09161098932113171
0.10761104650691718
0.11561099274678133
0.11999999498019333
0.1199917455964782
0.11999212708309072
0.11999241402066499
0.11999303903668058
0.1199932478487894
0.11999356088910351
0.11999401783487837
0.1199943315682135
0.1199945436418114
0.11999495428686764
0.11999521354139324
0.11999536262254505
0.11999572233608136
0.11999592323749238
0.11999604734339651
0.11999635797304294
0.11999650779307884
0.11999664192965423
0.11999677692493231
0.11999704537096875
0.11999716171399655
0.11999731702695143
0.11999752467807179
0.1199975757246773
0.11999767852692347
0.11999793427312591
0.11999796874096456
0.11999805642836804
0.11999814131346301
0.11999825034690438
0.11999837014007038
0.11999839267070886
0.1199985014429884
0.11999862058856008
0.11999859528965642
0.11999867771435868
0.11999875964303139
0.11999887537323392
0.11999885822157134
0.11999901246519706
0.11999899165632877
0.11999909296934705
0.11999913913593697
0.11999917598933864
0.11999920066598724
0.11999923212923835
0.11999927585702358
0.11999930778844835
0.11999933329292303
0.1199994217799901
0.11999945323738495
0.11999944164928221
0.11999949309550138
0.11999952519447087
0.11999953460431706
0.11999956446306573
0.1181167092865473
0.11012042779687466
0.10212031987139317
0.09412019975120667
0.07811996558056702
0.07011983844567264
0.06211973417394839
0.04611953346067579
0.0381194243699015
0.03011934607695149
0.014119162735991396
0.006119081602588252
0.001882866205861829
0.01788286683669538
0.025882867053571405
0.03388286528780149
0.049882861318356495
0.05788286278711638
0.06588286737235015
0.07388286350828281
0.08988286691828756
0.0978828687052739
0.10588286571741172
0.12000000520713607
0.12000368497694527
0.12000356898800363
0.12000328732501979
0.1200031497094668
0.12000303222759713
0.12000290728909077
0.12000268215994593
0.12000256102501924
0.1200024565898975
0.1200022676677696
0.1200021811204396
0.12000210026862192
0.12000193482775018
0.12000184387851515
0.12000176750280606
0.12000169561192522
0.12000156225415917
0.1200015017471584
0.1200014484830351
0.12000133005591213
0.12000126977458771
0.12000121497305553
0.12000117651748693
0.12000108170688727
0.12000103471411094
0.12000099695645078
0.12000090766991829
0.12000088335709115
0.1200008452818078
0.12000078498986698
0.12000074560665233
0.12000072042612728
0.12000065437850388
0.1200006368184207
0.12000060757398857
0.12000056003007827
0.12000054352449999
0.12000052102636338
0.12000048843408555
0.12000045876210738
0.12000042996439415
0.12000041688296928
0.1200003764514513
0.1200003652679234
0.12000035011598408
0.12000031690383153
0.1200003061405347
0.12000030362511196
0.12000029796500614
0.12000027658359338
0.12000026801406437
0.12000023707169619
0.12000022008211476
0.12000022063159539
0.12000020127403926
0.12000020534795301
0.12000019807252242
0.11979835069552637
0.11179957175356887
0.09579947938763239
0.08779942109238409
0.07979937444913587
0.06379927689917693
0.05579922944541927
0.047799188935465496
0.03179911069442314
0.023799072806008566
0.015799037878644097
>>>>>>> 614b5a1ea1a102ff1c4459007b09e3373058467b
